0,273
0,270
10,196
10,120
10,182
10,34
10,204
10,258
10,166
10,2
10,3
52,4
52,3
9,7
9,2
9,3
52,2
52,1
52,0
51,4
51,3
8,10
8,9
8,5
8,4
51,2
51,1
51,0
49,3
49,2
49,1
49,0
48,4
48,3
48,2
48,1
48,0
47,4
47,3
47,2
47,1
47,0
45,5
45,4
45,3
45,2
45,1
45,0
42,6
42,5
42,4
42,3
42,2
42,1
42,0
40,6
40,5
40,4
40,3
40,1
28,3
28,1
20,3
20,2
20,1
12,3
12,2
12,1
11,30
11,28
11,26
11,25
11,24
11,23
11,22
11,20
11,19
11,18
11,16
11,15
19,2
19,1
11,14
11,13
11,12
11,11
11,10
11,8
11,7
11,6
11,5
11,4
11,3
19,3
11,2
11,1
10,317
10,313
10,312
10,304
10,294
10,293
10,292
10,273
10,268
10,259
10,250
10,248
